[(6, -2.5616511021855914e-05, 172),
 (6, -2.5590294317506812e-05, 170),
 (8, -2.4902862737916087e-05, 166),
 (8, -2.488134906016015e-05, 168),
 (10, -2.0592108182990176e-05, 167),
 (6, -2.05643644084208e-05, 173),
 (7, -2.054004309016977e-05, 169),
 (8, -2.0533600628536153e-05, 171),
 (12, -1.796359619714305e-05, 105),
 (9, -1.7559380849768713e-05, 107),
 (10, -1.2228990961912767e-05, 109),
 (7, -1.1739086661508025e-05, 111),
 (0, 6.5627182715966015e-09, 216),
 (6, 9.950046757925546e-06, 114),
 (6, 1.0885222250511806e-05, 112),
 (6, 2.0533984008377915e-05, 115),
 (8, 2.1438116101571425e-05, 113),
 (10, 2.6556020639653677e-05, 104),
 (10, 2.7122596463036164e-05, 106),
 (8, 3.284282635682145e-05, 17),
 (8, 3.703179749942054e-05, 13),
 (11, 3.95847736019278e-05, 19),
 (8, 4.371992295951199e-05, 108),
 (8, 4.379658662663488e-05, 15),
 (8, 4.429556927040834e-05, 110),
 (8, 4.769327549393465e-05, 16),
 (8, 5.2293230802705204e-05, 12),
 (10, 5.426986161749525e-05, 18),
 (10, 5.8889622986668666e-05, 14),
 (10, 7.710035059450837e-05, 152),
 (7, 7.981629695448522e-05, 148),
 (12, 8.522302017774375e-05, 154),
 (8, 9.828620048457637e-05, 144),
 (9, 0.00010070335284595444, 140),
 (10, 0.00010724654546513668, 146),
 (10, 0.00010974122809002951, 142),
 (6, 0.0001159513648057442, 147),
 (8, 0.00011682223517733847, 145),
 (8, 0.00011946542467267118, 143),
 (8, 0.00012027414244279722, 141),
 (0, 0.0001453590584924308, 126),
 (0, 0.00014556020478581622, 124),
 (10, 0.00015092161693422423, 155),
 (10, 0.00015251586906062098, 153),
 (10, 0.0001537249640166244, 151),
 (10, 0.0001552544073140233, 149),
 (2, 0.00015949920827307285, 27),
 (0, 0.00016041290209271863, 122),
 (0, 0.0001605784667576271, 120),
 (2, 0.0001607555374359554, 29),
 (0, 0.00016182600765692057, 184),
 (0, 0.00016531826893552426, 182),
 (2, 0.00016631731201015298, 31),
 (2, 0.0001672269563530865, 33),
 (0, 0.0001681936970073794, 26),
 (0, 0.00016906552710001244, 28),
 (8, 0.00017682856243265987, 35),
 (6, 0.0001771830797241275, 37),
 (0, 0.0001778672244910906, 30),
 (0, 0.00017850335890269575, 32),
 (6, 0.00017969488347473195, 185),
 (7, 0.00018165069764961017, 127),
 (7, 0.00018180502619660754, 125),
 (6, 0.0001841485931034642, 183),
 (7, 0.00018739866326608623, 123),
 (7, 0.0001874665036279144, 121),
 (0, 0.00019143308394631298, 188),
 (6, 0.00019444901826125294, 189),
 (0, 0.00019451892775662616, 186),
 (6, 0.00019813313940526822, 187),
 (17, 0.00019893603817747185, 72),
 (12, 0.00020206936704215972, 70),
 (13, 0.00020491126279301164, 76),
 (12, 0.00020783447740223282, 74),
 (6, 0.00021907484413749567, 34),
 (6, 0.00021936785871402853, 36),
 (12, 0.0002259084293123187, 75),
 (12, 0.00022630310730695213, 77),
 (12, 0.000230746639507437, 71),
 (12, 0.0002309369132276612, 73),
 (10, 0.00024331732266441586, 235),
 (10, 0.00025103552398832163, 233),
 (12, 0.00025764550322884827, 201),
 (15, 0.00026101257595348426, 200),
 (15, 0.0002614363677408693, 199),
 (0, 0.00026254000709652336, 234),
 (12, 0.00026478405665887605, 198),
 (0, 0.00026809102267118246, 236),
 (12, 0.000274508683459157, 85),
 (14, 0.00027800913504721914, 84),
 (14, 0.0002785896664324883, 83),
 (12, 0.00028206265291118304, 82),
 (12, 0.0003028350644034422, 197),
 (14, 0.0003052908301316437, 195),
 (14, 0.0003069357903687786, 196),
 (12, 0.00030937353181989535, 194),
 (12, 0.00031428592201028505, 81),
 (14, 0.0003166054159292886, 80),
 (14, 0.0003190691076118135, 79),
 (12, 0.000321363549265527, 78),
 (10, 0.00032943247995834146, 66),
 (12, 0.0003307595629171989, 68),
 (10, 0.0003328196307620379, 62),
 (12, 0.0003338930816731839, 64),
 (12, 0.0003483216177617987, 54),
 (14, 0.0003490595812428027, 56),
 (14, 0.00034961290113134924, 55),
 (12, 0.00035012700213898906, 57),
 (16, 0.0004332930141961039, 156),
 (19, 0.0004354643938324354, 158),
 (19, 0.0004355624449659534, 157),
 (10, 0.0004355976900998204, 67),
 (10, 0.00043635457708939007, 69),
 (16, 0.0004372661683545165, 159),
 (10, 0.0004400560844465551, 63),
 (10, 0.0004405932385978806, 65),
 (8, 0.0005221058053695993, 206),
 (10, 0.0005226340908446314, 207),
 (10, 0.0005230449585641311, 208),
 (8, 0.000523520005950906, 209),
 (12, 0.0005689588492914094, 202),
 (14, 0.0005694470951559116, 203),
 (14, 0.0005698755890578555, 204),
 (12, 0.0005703710416085223, 205),
 (7, 0.000575326745100968, 131),
 (7, 0.0005758769008213233, 129),
 (16, 0.0005760328949586391, 58),
 (4, 0.0005761511436152, 47),
 (19, 0.000576985963210222, 60),
 (19, 0.0005775580554214371, 59),
 (16, 0.0005783453825060902, 61),
 (4, 0.0005821587948575957, 49),
 (4, 0.0006011427122697977, 51),
 (15, 0.0006056262270389551, 95),
 (4, 0.000606485490712752, 53),
 (15, 0.0006141059401493232, 91),
 (0, 0.0006144800290489721, 46),
 (14, 0.0006181522991100946, 97),
 (0, 0.000619424931846066, 48),
 (0, 0.0006226695868310206, 130),
 (0, 0.0006233849075740344, 128),
 (15, 0.0006263908687529629, 93),
 (0, 0.0006485237379996872, 50),
 (0, 0.0006530436909030768, 52),
 (0, 0.0006612882270047998, 21),
 (0, 0.0006774797082639006, 20),
 (0, 0.000772064163881786, 211),
 (8, 0.0007863436298251314, 3),
 (10, 0.0007869421326732462, 1),
 (10, 0.0007869996909353888, 2),
 (8, 0.0007877263801040063, 0),
 (0, 0.000789691876624185, 210),
 (15, 0.0007931390068276895, 94),
 (15, 0.0008014973965413952, 90),
 (15, 0.0008072429011647397, 96),
 (21, 0.0008155747971838601, 92),
 (4, 0.0008698347161852082, 43),
 (4, 0.0008741342662911405, 45),
 (0, 0.0009088713715612456, 42),
 (0, 0.0009131685826395397, 44),
 (14, 0.001029413791822198, 150),
 (6, 0.0011676999036238783, 174),
 (6, 0.0011729227335822295, 176),
 (10, 0.0012801928801325219, 98),
 (10, 0.0012828404745139355, 99),
 (8, 0.0013920172912457451, 175),
 (10, 0.0013961165185084612, 212),
 (13, 0.0013989762834652752, 213),
 (10, 0.0014034629090225598, 177),
 (10, 0.0015661129771665366, 8),
 (12, 0.0015769044992061387, 10),
 (10, 0.001586254207178464, 4),
 (12, 0.0015965128585331556, 6),
 (10, 0.0017849742693398368, 9),
 (10, 0.0017959165642459224, 11),
 (10, 0.0018101083690956893, 5),
 (10, 0.0018208551026770298, 7),
 (9, 0.002039472653905569, 165),
 (12, 0.0020510830172660866, 163),
 (10, 0.0022138355197533904, 164),
 (13, 0.0022239762964446907, 162),
 (9, 0.0025364919735678254, 179),
 (9, 0.0025565411222830264, 181),
 (23, 0.0026688108546053246, 88),
 (23, 0.002681070729551302, 89),
 (20, 0.002688500183787218, 86),
 (23, 0.002701586159304395, 87),
 (0, 0.00285337831096788, 178),
 (0, 0.002870746675940089, 180),
 (8, 0.0029945657783541635, 190),
 (8, 0.0029945657783543023, 193),
 (10, 0.002994629465211243, 191),
 (10, 0.0029946294652113403, 192),
 (7, 0.0033005528966803394, 41),
 (8, 0.0033022440341942266, 39),
 (6, 0.0037239758565807413, 40),
 (6, 0.0037243899371331157, 38),
 (2, 0.0041889750918018415, 23),
 (2, 0.004196242475382625, 25),
 (0, 0.004399249733022789, 22),
 (0, 0.004406112241215301, 24),
 (10, 0.004600253367998436, 133),
 (8, 0.0046005490311861325, 132),
 (8, 0.0046006490851713405, 135),
 (10, 0.004600974784061171, 134),
 (14, 0.004916798108816484, 137),
 (12, 0.004917315515732573, 139),
 (12, 0.004918097398138838, 136),
 (14, 0.004918710071668622, 138),
 (8, 0.008676318271165911, 215),
 (11, 0.008704726495899859, 214),
 (8, 0.008989030279910479, 161),
 (8, 0.009015394427885376, 160),
 (10, 0.012676973544175046, 119),
 (8, 0.012681071129415772, 117),
 (6, 0.013777817675532891, 118),
 (6, 0.013783813649792642, 116),
 (16, 0.014105415281325737, 100),
 (12, 0.014111891558356793, 102),
 (14, 0.014697721928055824, 101),
 (11, 0.01470237275712516, 103),
 (0, 0.08309958664398885, 245),
 (0, 0.08359147262838558, 246),
 (0, 0.087716761758884, 227),
 (0, 0.08845142755757614, 228),
 (0, 0.09275603015919738, 273),
 (0, 0.09379057305480774, 274),
 (0, 0.09689883503072007, 254),
 (0, 0.09745845060004597, 253),
 (4, 0.09947302485415747, 221),
 (3, 0.09949287326381777, 219),
 (0, 0.09986647225325655, 222),
 (0, 0.09991983756854252, 220),
 (0, 0.10470777465460636, 249),
 (0, 0.10470777508475994, 251),
 (0, 0.10506004785654562, 241),
 (0, 0.10508024682151225, 243),
 (1, 0.10546180212391464, 250),
 (1, 0.10546180249918495, 252),
 (0, 0.10602157240770875, 242),
 (0, 0.10605882576092972, 244),
 (0, 0.11306831230988874, 232),
 (0, 0.11314394367275958, 230),
 (2, 0.1136516447846717, 231),
 (3, 0.11371697470539459, 229),
 (0, 0.11420935661229935, 269),
 (0, 0.11420935808800807, 267),
 (0, 0.11495464969556875, 270),
 (0, 0.11495465018055016, 268),
 (0, 0.1247377486830175, 225),
 (1, 0.12500424274834737, 224),
 (0, 0.13337486443287927, 261),
 (1, 0.13337486448545038, 262),
 (1, 0.13342600357108825, 266),
 (1, 0.13349945422983794, 264),
 (0, 0.1340469720475993, 265),
 (0, 0.13411100080624605, 263),
 (0, 0.15204461552920667, 259),
 (3, 0.15204461569151506, 260),
 (1, 0.15547544563646032, 272),
 (0, 0.1611907126239746, 240),
 (3, 0.16210036532195915, 239),
 (1, 0.17241718055856592, 248),
 (3, 0.19258767195335053, 275),
 (0, 0.22035105628856927, 256),
 (0, 0.22112331404395746, 255),
 (0, 0.5552211269511305, 238),
 (0, 0.555424673750415, 237),
 (0, 0.7452026117442819, 226),
 (1, 0.745557655581386, 271),
 (1, 0.812011164604632, 258),
 (1, 0.8120111646046335, 223),
 (0, 0.8120583976892044, 257),
 (0, 0.8120583976892051, 218),
 (0, 1.0453120685417836, 247),
 (0, 1.0454727160226958, 217)]
